Лохотрон сплошной
Лохотрон, они чуть что говорят, что проблема тестестерон, не выясняют причину заболевания.
