Благодарность сотрудникам
Замечательный, квалифицированный, отзывчивый и компетентный коллектив! Огромное спасибо за то, что помогли мне справиться с моей проблемой. Анна.
